0.014025333333333334 0.0 
0.26402533333333333 0.0 
0.5140253333333333 0.0 
0.7640253333333333 0.0 
1.0290253333333335 49.71760330788216 
1.2790253333333335 21.33922352356144 
1.5290253333333335 29.019639551560363 
1.7790253333333335 30.581178125440577 
2.032358666666667 31.80594945474332 
2.282358666666667 23.21359647328399 
2.532358666666667 55.956404411967576 
2.782358666666667 29.808484217910344 
3.0356920000000005 33.25123355630873 
3.2856920000000005 46.980853263676686 
3.5356920000000005 28.207667232149195 
3.7856920000000005 30.262757791550207 
4.039025333333333 46.62503194912838 
4.289025333333333 39.11590583503104 
4.539025333333333 32.38263834547901 
4.789025333333333 28.732058343292245 
5.042358666666666 35.82565873026712 
5.292358666666666 30.19415374662747 
5.542358666666666 41.674519633828595 
5.792358666666666 25.353649504009212 
6.045691999999998 32.93809048630625 
6.295691999999998 29.83563240011886 
6.545691999999998 41.879453886726985 
6.795691999999998 25.548079665214992 
7.049025333333331 42.65213404241424 
7.299025333333331 29.75331782362201 
7.549025333333331 32.59881572491961 
7.799025333333331 27.115404207097434 
8.052358666666665 26.78501949618548 
8.302358666666665 40.362434991486325 
8.552358666666665 26.204713338794328 
8.802358666666665 21.932886884955458 
9.055691999999999 25.71076770307282 
9.305691999999999 33.316853968907864 
9.555691999999999 23.893209770302335 
9.805691999999999 27.378686231249624 
10.059025333333333 28.16892845841638 
10.309025333333333 49.92234189948667 
10.559025333333333 32.34432966080294 
10.809025333333333 22.96127495533573 
11.062358666666668 33.68648129175655 
